(1, (808, 83))
(2, (835, 149))
(3, (782, 184))
(4, (734, 214))
(5, (751, 250))
(6, (777, 296))
(7, (791, 333))
(8, (811, 372))
(9, (825, 411))
(10, (834, 445))
(11, (844, 482))
(12, (846, 522))
(13, (860, 585))
(14, (853, 651))
(15, (883, 630))
(16, (820, 778))
(17, (743, 41))
(18, (738, 113))
(19, (709, 173))
(20, (698, 235))
(21, (698, 275))
(22, (704, 308))
(23, (750, 346))
(24, (753, 392))
(25, (764, 425))
(26, (791, 482))
(27, (710, 516))
(28, (802, 545))
(29, (750, 600))
(30, (709, 84))
(31, (668, 144))
(32, (637, 261))
(33, (658, 315))
(34, (561, 303))
(35, (637, 362))
(36, (703, 376))
(37, (698, 448))
(38, (601, 567))
(39, (611, 22))
(40, (605, 67))
(41, (596, 103))
(42, (584, 153))
(43, (583, 200))
(44, (570, 262))
(45, (562, 24))
(46, (516, 151))
(47, (507, 272))
(48, (464, 394))
(49, (531, 501))
(50, (591, 619))
(51, (635, 630))
(52, (670, 642))
(53, (705, 661))
(54, (743, 783))
(55, (491, 14))
(56, (535, 90))
(57, (461, 75))
(58, (454, 119))
(59, (473, 198))
(60, (449, 346))
(61, (346, 453))
(62, (523, 609))
(63, (586, 645))
(64, (613, 690))
(65, (665, 684))
(66, (681, 718))
(67, (693, 777))
(68, (693, 804))
(69, (691, 833))
(70, (721, 858))
(71, (390, 17))
(72, (438, 32))
(73, (385, 65))
(74, (409, 263))
(75, (369, 311))
(76, (429, 297))
(77, (255, 439))
(78, (263, 547))
(79, (350, 546))
(80, (351, 602))
(81, (418, 635))
(82, (460, 648))
(83, (448, 683))
(84, (536, 660))
(85, (539, 729))
(86, (479, 712))
(87, (504, 775))
(88, (546, 770))
(89, (626, 773))
(90, (613, 810))
(91, (659, 837))
(92, (621, 863))
(93, (671, 871))
(94, (285, 50))
(95, (289, 103))
(96, (344, 165))
(97, (378, 203))
(98, (306, 293))
(99, (218, 357))
(100, (237, 403))
(101, (186, 449))
(102, (200, 530))
(103, (246, 603))
(104, (172, 585))
(105, (185, 627))
(106, (248, 640))
(107, (210, 653))
(108, (353, 640))
(109, (305, 661))
(110, (357, 681))
(111, (457, 781))
(112, (582, 828))
(113, (577, 866))
(114, (206, 89))
(115, (240, 112))
(116, (247, 157))
(117, (230, 218))
(118, (257, 268))
(119, (147, 353))
(120, (149, 403))
(121, (144, 503))
(122, (132, 593))
(123, (130, 619))
(124, (132, 654))
(125, (172, 682))
(126, (235, 690))
(127, (357, 722))
(128, (403, 750))
(129, (375, 764))
(130, (450, 822))
(131, (500, 830))
(132, (543, 870))
(133, (470, 850))
(134, (501, 872))
(135, (152, 35))
(136, (190, 232))
(137, (202, 268))
(138, (123, 314))
(139, (93, 433))
(140, (93, 494))
(141, (105, 580))
(142, (69, 581))
(143, (85, 642))
(144, (130, 690))
(145, (219, 735))
(146, (262, 766))
(147, (324, 786))
(148, (411, 820))
(149, (406, 845))
(150, (407, 870))
(151, (329, 843))
(152, (345, 868))
(153, (305, 850))
(154, (94, 20))
(155, (167, 131))
(156, (166, 173))
(157, (160, 220))
(158, (100, 261))
(159, (55, 410))
(160, (53, 454))
(161, (45, 485))
(162, (40, 549))
(163, (55, 613))
(164, (80, 669))
(165, (82, 713))
(166, (148, 765))
(167, (205, 793))
(168, (127, 796))
(169, (177, 842))
(170, (250, 867))
(171, (70, 68))
(172, (119, 141))
(173, (105, 200))
(174, (49, 89))
(175, (73, 116))
(176, (55, 189))
(177, (51, 235))
(178, (27, 290))
(179, (56, 301))
(180, (54, 361))
(181, (25, 458))
(182, (23, 413))
(183, (21, 335))
(184, (21, 372))
(185, (26, 590))
(186, (45, 649))
(187, (34, 730))
(188, (12, 637))
(189, (13, 750))
(190, (63, 750))
(191, (45, 783))
(192, (153, 739))
(193, (59, 822))
(194, (86, 795))
(195, (92, 833))
(196, (72, 862))
(197, (108, 872))
(198, (141, 872))
(199, (120, 835))
(200, (175, 870))
(201, (272, 790))
(202, (302, 810))
